300 256 1

0000000000000000
0000000000000000
0000111111110000
0000111111110000
0000110010110000
0000110000010000
0000110000010000
0000110000010000
0000110000010000
0000110000010000
0000110000110000
0000111111110000
0000111111110000
0000011111110000
0000000000000000
0000000000000000

zero

0000000000000000
0000000000000000
0000000000000000
0000000000000000
0000000000000000
0000000110000000
0000000010000000
0000000010000000
0000000010000000
0000000010000000
0000000010000000
0000000111000000
0000000000000000
0000000000000000
0000000000000000
0000000000000000

one

0000000000000000
0000000000000000
0000000001000000
0000000011000000
0000000001000000
0000000001000000
0000000010000000
0000000010000000
0000000010000000
0000000010000000
0000000010000000
0000000100000000
0000001110000000
0000001110000000
0000000000000000
0000000000000000

one

0000000000000000
0000000000000000
0000000100000000
0000001100000000
0000000100000000
0000000010000000
0000000010000000
0000000010000000
0000000010000000
0000000010000000
0000000010000000
0000000010000000
0000000011100000
0000000011100000
0000000000000000
0000000000000000

one

0000000000000000
0000000000000000
0000000000000000
0000000000000000
0000000000000000
0000001111100000
0000001000100000
0000001000100000
0000001000100000
0000001000100000
0000001111100000
0000001100000000
0000000000000000
0000000000000000
0000000000000000
0000000000000000

zero

0000000000000000
0000000000000000
0000000000000000
0000000000000000
0000000000000000
0000111111111000
0000000000000110
0000000001100000
0000000110000000
0000011000000000
1111111111111000
0000000000000000
0000000000000000
0000000000000000
0000000000000000
0000000000000000

two

0000000000000000
0000000000000000
0000000000000000
0000000000000000
0000000000000000
0000000000000000
0000000010000000
0000000010000000
0000000010000000
0000000010000000
0000000111000000
0000000000000000
0000000000000000
0000000000000000
0000000000000000
0000000000000000

one

0000000000000000
0000000000000000
0000000000000000
0001111111111110
0011111111111111
0011100010000111
0110000000000110
0110000000000110
0110000000000110
0110000000000110
0111100000011110
1111111111111100
0000001000001000
0000000000000000
0000000000000000
0000000000000000

zero

0000000000000000
0000000000000000
0000000000000000
0000000000000000
0000000000000000
0000000000000000
0000110000010000
0000000001100000
0000000010000000
0000001000000000
0000000000000000
0000000000000000
0000000000000000
0000000000000000
0000000000000000
0000000000000000

two

0000000000000000
0000000000000000
0000000000000000
0000000000000000
0000000000000000
0000000000000000
0000000010000000
0000000010000000
0000000010000000
0000000010000000
0000000110000000
0000000000000000
0000000000000000
0000000000000000
0000000000000000
0000000000000000

one

0000000000000000
0000000000000000
0111111111000000
0100000001100000
0000000000110000
0000000001100000
0000000011000000
0000000111000000
0000001110000000
0000001100000000
0000001100000000
0000101100110100
0001111111111100
0000000110000000
0000000000000000
0000000000000000

two

0000000000000000
0000000000000000
0000000001100000
0000000001100000
0000000011000000
0000000011000000
0000000011000000
0000000110000000
0000000110000000
0000000110000000
0000001100000000
0000001100000000
0000011110000000
0000111100000000
0000000000000000
0000000000000000

one

0000000000000000
0000000000000000
0000000000000000
0000000000000000
0000000000000000
0111111111111111
0111100000000111
1110000000000111
1110000000000111
1111000000000111
1111111111111110
0000000000100000
0000000000000000
0000000000000000
0000000000000000
0000000000000000

zero

0000000000000000
0000000000000000
0000000000000000
0000000000000000
0000000000000000
0000000000000000
0000000000000000
0000000000000000
0000000010000000
0000000100000000
0000001111000000
0000000000000000
0000000000000000
0000000000000000
0000000000000000
0000000000000000

two

0000000000000000
0000000000000000
0000000000000000
0001000000000000
0011001010011000
0000000000001000
0000000000110000
0000000001100000
0000000110000000
0000001000000000
0000110000010000
0011111111111000
0000000000000000
0000000000000000
0000000000000000
0000000000000000

two

0000000000000000
0000000000000000
0011111110000000
0001000001100000
0000000000100000
0000000001000000
0000000010000000
0000000011000000
0000000010000000
0000000100000000
0000000110000000
0000011111111000
0000011111111000
0000000000000000
0000000000000000
0000000000000000

two

0000000000000000
0000000000000000
0000000000000000
0000000000000000
0000111111110000
0000000000010000
0000000000100000
0000000001000000
0000000110000000
0000001100000000
0000011010000000
0001111111110000
0000000000000000
0000000000000000
0000000000000000
0000000000000000

two

0000000000000000
0000001000000000
0000011000000000
0000000100000000
0000000100000000
0000000100000000
0000000100000000
0000000010000000
0000000010000000
0000000010000000
0000000001000000
0000000001000000
0000000011000000
0000000011100000
0000000001110000
0000000000000000

one

0000000000000000
0000000000000000
0000001100000000
0000001100000000
0000000100000000
0000000100000000
0000000010000000
0000000010000000
0000000010000000
0000000010000000
0000000010000000
0000000001000000
0000000011000000
0000000111100000
0000000011000000
0000000000000000

one

0000000000000000
0000000000000000
0010000000000000
0011000100100000
0000000000110000
0000000001100000
0000000011000000
0000000011100000
0000000110000000
0000000100000000
0000001100000000
0000111111111000
0000111111111000
0000000000000000
0000000000000000
0000000000000000

two

0000000000000000
0000000000000000
0000000001000000
0000000110000000
0000000010000000
0000000010000000
0000000010000000
0000000010000000
0000000110000000
0000000010000000
0000000010000000
0000000110000000
0000000111000000
0000001111000000
0000000000000000
0000000000000000

one

0000000000000000
0111111111000000
0100100001100000
0000000001100000
0000000011000000
0000000001000000
0000000010000000
0000000111000000
0000000110000000
0000000100000000
0000000100000000
0000001100000000
0000011111111110
0000111111111110
0000000001000000
0000000000000000

two

0000000000000000
0000000000000000
0000000000000000
0000001100000000
0000001100000000
0000001110000000
0000000110000000
0000000110000000
0000000110000000
0000000110000000
0000000110000000
0000000111100000
0000001111110000
0000000010000000
0000000000000000
0000000000000000

one

0000000000000000
0000000000000000
0000000000000000
0000001100000000
0000000010000000
0000000010000000
0000000010000000
0000000010000000
0000000010000000
0000000010000000
0000000010000000
0000000010000000
0000000111000000
0000000000000000
0000000000000000
0000000000000000

one

0000000000000000
0000000000000000
0000101100000000
0000011100000000
0000000110000000
0000000110000000
0000001110000000
0000000110000000
0000001110000000
0000001110000000
0000000110000000
0000000110000000
0000001111000000
0000001111110000
0000000000000000
0000000000000000

one

0000000000000000
0000000000000000
0000000000000000
0000000000000000
0000000000000000
0000000000000000
0000011111110000
0000010000110000
0000010000110000
0000011000110000
0000011111100000
0000000000000000
0000000000000000
0000000000000000
0000000000000000
0000000000000000

zero

0000000000000000
0000000000000000
0000000000000000
0000000000000000
0111111111111111
0111111111111111
0111000000000011
1110000000000111
1110000000000111
1111000000000111
1111111111111110
1111111111111100
0000000000000000
0000000000000000
0000000000000000
0000000000000000

zero

0000000000000000
0000000000000000
0000000000000000
0000000000000000
0000000000000000
0000000010000000
0000000000011100
0000000000100000
0000000110000000
0000011001000000
0001111111111000
0000000000000000
0000000000000000
0000000000000000
0000000000000000
0000000000000000

two

0000000000000000
0000000000000000
0000000000000000
1111111111111000
1111111111111110
1110000000011110
1100000000001110
1110000000000111
1110000000000111
1110000000000111
0111100000000111
0111111111111111
0011111111111111
0000000000000000
0000000000000000
0000000000000000

zero

0000000000000000
0011111111111111
0111111111111111
0111100000000111
0111000000000011
1111000000000111
1110000000000111
1110000000000111
1110000000000111
1110000000000111
1110000000000111
1111000100101111
1111111111111110
1111111111111110
1111111111111100
0000000000000000

zero

0000000000000000
0000000000000000
0000000000000000
0000000000000000
0000000000000000
0000000000000000
0000101000010000
0000000000100000
0000000110000000
0000011000000000
0000000010000000
0000000000000000
0000000000000000
0000000000000000
0000000000000000
0000000000000000

two

0000000000000000
0000000000000000
0000000010000000
0000101101000000
0000000001000000
0000000001000000
0000000001000000
0000000010000000
0000000010000000
0000000100000000
0000000100000000
0000011111100000
0000001111110000
0000000000000000
0000000000000000
0000000000000000

two

0000000000000000
0000000000000000
0000000000000000
0000000000000000
0000000000000000
0000000000000000
0000000000111000
0000000001100000
0000000111000000
0000011000000000
0001111111111000
0000000000000000
0000000000000000
0000000000000000
0000000000000000
0000000000000000

two

0000000000000000
0000000000000000
0000000000000000
0000111111110000
0001000000010000
0000000000010000
0000000000100000
0000000011000000
0000000110000000
0000001100000000
0000011000000000
0001111111110000
0000000000000000
0000000000000000
0000000000000000
0000000000000000

two

0000000000000000
0000000110000000
0000001110000000
0000000110000000
0000000110000000
0000000110000000
0000000110000000
0000000110000000
0000000110000000
0000000110000000
0000000110000000
0000000110000000
0000000110000000
0000011111100000
0000011111100000
0000000000000000

one

0000000000000000
0000000000000000
0000000000000000
0000000000000000
0000000100000000
0000000100000000
0000000100000000
0000000010000000
0000000010000000
0000000010000000
0000000001000000
0000000011000000
0000000000000000
0000000000000000
0000000000000000
0000000000000000

one

0000000000000000
0000000000000000
0000000000000000
0000000000000000
0111111111111000
0110000000011000
0000000000110000
0000000001100000
0000000110000000
0000011100000000
0001111111111110
0001111111111110
0000000000000000
0000000000000000
0000000000000000
0000000000000000

two

0000000000000000
0000000000000000
0000011111111100
0000110000010110
0000000000000100
0000000000001000
0000000000111000
0000000011000000
0000001110000000
0000001100000000
0000110000000000
0111111111110000
0111111111110000
1000000000000000
0000000000000000
0000000000000000

two

0000000000000000
0000000000000000
0000000000000000
0000011111111000
0000111111111100
0000111000001100
0000110000001100
0001100000011000
0001100000011000
0001100000011000
0011110011110000
0011111111110000
0001000000000000
0000000000000000
0000000000000000
0000000000000000

zero

0000000000000000
0000000000000000
0000000000000000
0000000000000000
0000001100000000
0000000010000000
0000000110000000
0000000010000000
0000000010000000
0000000010000000
0000000110000000
0000000110000000
0000000011100000
0000000000000000
0000000000000000
0000000000000000

one

0000000000000000
0000000000000000
0000000000000000
0000000000000000
0000000000000000
1111111111111110
1110000000000111
1110000000001111
1110000000000111
1111000000001111
1111111111111111
0001111111111110
0000000000000000
0000000000000000
0000000000000000
0000000000000000

zero

0000000000000000
0000000000000000
0000000000000000
0000000000000000
0000000000000000
0000001111100000
0000011001100000
0000011000100000
0000011000100000
0000011010100000
0000011111100000
0000000000000000
0000000000000000
0000000000000000
0000000000000000
0000000000000000

zero

0000000000000000
0000000000000000
0000000000000000
0000000000000000
0000001111110000
0000001100110000
0000001000010000
0000010000100000
0000010000100000
0000010000100000
0000111111000000
0000011111000000
0000000000000000
0000000000000000
0000000000000000
0000000000000000

zero

0000000000000000
0000000000000000
0000000000000000
0000000000000000
0000000000000000
0001111111100000
0010000000100000
0000000001000000
0000000110000000
0000001000000000
0000111111111000
0000000000000000
0000000000000000
0000000000000000
0000000000000000
0000000000000000

two

0000000000000000
0000000000000000
0000000000000000
0000000000000000
0000000000000000
0000000000000000
0000100000110000
0000000000100000
0000000010000000
0000001000000000
0000000000000000
0000000000000000
0000000000000000
0000000000000000
0000000000000000
0000000000000000

two

0000000000000000
0000000000000000
0000000000000000
0000000000000000
0000000000000000
0000000001000000
0000000110000000
0000000010000000
0000000010000000
0000000010000000
0000001111000000
0000000000000000
0000000000000000
0000000000000000
0000000000000000
0000000000000000

one

0000000000000000
0001111111111111
0001111111111111
0001111000000111
0011100000000111
0011000000000011
0011000000000011
0110000000000111
0110000000000111
0110000000000111
1100000000001110
1110000000011110
1111111111111110
1111111111111000
0000000000000000
0000000000000000

zero

0000000000000000
0000000000000000
0000000000000000
0111111111110000
1100000000011000
0000000000111000
0000000000110000
0000000011000000
0000000110000000
0000001100000000
0100110000000000
0111111111111100
0001111111111100
0000000000000000
0000000000000000
0000000000000000

two

0000000000000000
0000000000000000
0000000000000000
0000000000000000
0000110100010000
0000000000010000
0000000001100000
0000000001000000
0000000110000000
0000000100000000
0000101010000000
0000111111110000
0000010000010000
0000000000000000
0000000000000000
0000000000000000

two

0000000000000000
0000000000000000
0000000000000000
0000000000000000
0000000000100000
0000000100010000
0000000000110000
0000000010000000
0000000010000000
0000000100000000
0000011110000000
0000000010000000
0000000000000000
0000000000000000
0000000000000000
0000000000000000

two

0000000000000000
0000000100000000
0000011110000000
0000000001000000
0000000000000000
0000000001000000
0000000001000000
0000000010000000
0000000110000000
0000000100000000
0000000100000000
0000000100000000
0000000111110000
0000000111100000
0000000000000000
0000000000000000

two

0000000000000000
0000000000000000
0000000000000000
0000000000000000
0000000000000000
0000100000010000
0000000000100000
0000000001000000
0000000010000000
0000001000000000
0000111111110000
0000000000100000
0000000000000000
0000000000000000
0000000000000000
0000000000000000

two

0000000000000000
0000000000000000
0000000000000000
0000000000000000
0000001110000000
0000000110000000
0000000110000000
0000000110000000
0000000110000000
0000000110000000
0000000110000000
0000001111000000
0000001111000000
0000000000000000
0000000000000000
0000000000000000

one

0000000000000000
0000000000000000
0000000000000000
0000000000000000
0000000000000000
0000000000000000
1111111111111111
1110000000000111
1110000000000111
1111000000101111
0011111111111100
0000000000000000
0000000000000000
0000000000000000
0000000000000000
0000000000000000

zero

0000000000000000
0011111111111110
0011111111111111
0011111111111111
0011100000000111
0111000000001110
0111000000001110
0111000000001110
0111000000001110
0111000000001110
0111000000001110
0111111111111110
1111111111111100
0111111111111000
0000001000000000
0000000000000000

zero

0000111111111100
0001111111111110
0001111111111110
0001110001001110
0001110000000110
0011100000001100
0011100000001100
0011100000001100
0011100000001100
0011100000001100
0011100000101100
0011100000011100
0111111111111000
0111111111111000
0111111111110000
0000000100100000

zero

0000000000000000
0000000000000000
0000000000000000
0000000000000000
0000011111111000
0000111111111100
0000110000001100
0001100000011000
0001100000011000
0001100000011000
0011111111110000
0001111111100000
0000000000000000
0000000000000000
0000000000000000
0000000000000000

zero

0000000000000000
0000000000000000
0000011111000000
0000111111000000
0000011010100000
0000010000100000
0000010000100000
0000010000100000
0000010000100000
0000010000100000
0000011010100000
0000011111100000
0000011111100000
0000000100100000
0000000000000000
0000000000000000

zero

0000000000000000
0000000000000000
0000000000000000
0000000000000000
0000000000000000
0000001100000000
0000000100000000
0000000010000000
0000000010000000
0000000010000000
0000000001000000
0000000111100000
0000000000000000
0000000000000000
0000000000000000
0000000000000000

one

0000000000000000
0000000000000000
0000000000000000
0011111111100000
0011111111110000
0011000000110000
0011000000110000
0001100000011000
0001100000011000
0001100000011000
0000111000001100
0000111111111100
0000011111111100
0000000000000000
0000000000000000
0000000000000000

zero

0000000000000000
0000000001100000
0000000001100000
0000000011100000
0000000011000000
0000000011000000
0000000011000000
0000000110000000
0000000110000000
0000000110000000
0000001100000000
0000001100000000
0000001100000000
0000111100000000
0000111100000000
0000000000000000

one

0000000000000000
0000000100000000
0000000100000000
0000000100000000
0000000010000000
0000000010000000
0000000010000000
0000000010000000
0000000010000000
0000000010000000
0000000010000000
0000000010000000
0000000010000000
0000000011000000
0000000011000000
0000000000000000

one

0000000000000000
0000000000000000
0000000000000000
0000000000000000
0000000000000000
0111111111110000
0000000000111000
0000000011100000
0000000110000000
0000011000000000
0001111111111110
0000000000000000
0000000000000000
0000000000000000
0000000000000000
0000000000000000

two

0000000000000000
0000000000000000
0000000000000000
0000000000000000
0000000111000000
0000000011000000
0000000110000000
0000000110000000
0000000110000000
0000000110000000
0000000110000000
0000011110000000
0000111111000000
0000000000000000
0000000000000000
0000000000000000

one

0000000000000000
0000000000000000
0000000000000000
0000000000000000
0000000000000000
0000111111111100
0001100000011000
0001100000011000
0001100000011000
0001100000011000
0001111111111000
0001111111100000
0000000000000000
0000000000000000
0000000000000000
0000000000000000

zero

0000000000000000
0000000000000000
0000000000000000
0000000000000000
0001111111111110
0111111111111110
0111000000001110
0111000000001110
0111000000001110
0111000000001110
0111111111111110
0011111111111100
0000000000000000
0000000000000000
0000000000000000
0000000000000000

zero

0000000000000000
0000000000000000
0000111111111110
0001110000000011
0000000000001100
0000000000011000
0000000000110000
0000000011100000
0000000111000000
0000001100000000
0000110000000000
0111111111110000
1111111111111000
0000000010010000
0000000000000000
0000000000000000

two

0000000000000000
0000000000000000
0000000000000000
0000000000000000
0000000000000000
0000001000010000
0000000000100000
0000000001000000
0000000010000000
0000000100000000
0000011111100000
0000000000000000
0000000000000000
0000000000000000
0000000000000000
0000000000000000

two

0000000000000000
0000000000000000
0000000000000000
0000000000000000
0000000000000000
0000000000000000
0000000000100000
0000000001000000
0000000010000000
0000000100000000
0000001111100000
0000000000000000
0000000000000000
0000000000000000
0000000000000000
0000000000000000

two

0000000000000000
0001000000000000
0001111111000000
0001000000100000
0000000000010000
0000000000100000
0000000001000000
0000000011000000
0000000010000000
0000000100000000
0000011100000000
0000011000000000
0000111111110000
0000000000000000
0000000000000000
0000000000000000

two

0000000000000000
0000001111111110
0000111111111100
0000111111111100
0000110000001100
0000110000001100
0001100000011000
0001100000011000
0001100000011000
0001100000011000
0001100000011000
0011111111110000
0011111111110000
0001111111110000
0000000000000000
0000000000000000

zero

0000000000000000
0000000000000000
0000000000000000
0000000111100000
0000000000100000
0000000000100000
0000000000100000
0000000010000000
0000000010000000
0000000000000000
0000001010000000
0000011110000000
0000011110000000
0000000000000000
0000000000000000
0000000000000000

two

0000000000000000
0000000000000000
0000000000000000
0000000000000000
0000000000000000
0000000000000000
0000000000000000
0000000001000000
0000000010000000
0000000110000000
0000011110000000
0000000000000000
0000000000000000
0000000000000000
0000000000000000
0000000000000000

two

0000111111111111
0001111111111111
0011111111111111
0111100010000111
0111000000000011
0111000000000011
0111000000000011
1110000000000111
1110000000000111
1110000000001111
1100000000001110
1110000000011110
1111111111111110
1111111111111100
1111111111110000
0000000000000000

zero

0000000000000000
0000000000010000
0000000001100000
0000000000100000
0000000000100000
0000000001000000
0000000001000000
0000000110000000
0000000010000000
0000000010000000
0000000100000000
0000000100000000
0000001000000000
0000011100000000
0000011100000000
0000100000000000

one

0000000000000000
0000000000000000
0000000000000000
0000000000000000
0000000100000000
0000000100000000
0000000100000000
0000000010000000
0000000010000000
0000000010000000
0000000011000000
0000000011100000
0000000000000000
0000000000000000
0000000000000000
0000000000000000

one

0000000000000000
0000000000000000
0000000000000000
0000000000000000
0000000000000000
0000000010000000
0000000010000000
0000000010000000
0000000010000000
0000000010000000
0000000110000000
0000000000000000
0000000000000000
0000000000000000
0000000000000000
0000000000000000

one

0000000000000000
0000000000000000
0000000000000000
0000000000000000
0000011111100000
0000011111110000
0000011000110000
0000010000110000
0000010000110000
0000010000110000
0000011111110000
0000011111100000
0000000000000000
0000000000000000
0000000000000000
0000000000000000

zero

0000000000010000
0000000000100000
0000000001100000
0000000001100000
0000000011000000
0000000011000000
0000000011000000
0000000110000000
0000000110000000
0000000111000000
0000001100000000
0000001100000000
0000011100000000
0001111100000000
0000111110000000
0000000000000000

one

0000000000000000
0000000000000000
0000000000000000
0000111111000000
0000010001000000
0000000001000000
0000000001100000
0000000010000000
0000000010000000
0000000100000000
0000001000000000
0000001111110000
0000000100000000
0000000000000000
0000000000000000
0000000000000000

two

0000000000000000
0000000000000000
0000000000000000
0000000000000000
0000000000000000
0000000000000000
0000000011000000
0000000110000000
0000000110000000
0000000110000000
0000011110000000
0000000000000000
0000000000000000
0000000000000000
0000000000000000
0000000000000000

one

0000000000000000
0000000000000000
0000000000000000
0000000000000000
0000111111000000
0000111111100000
0000100001100000
0000010000110000
0000010000110000
0000010000110000
0000001111111000
0000001111110000
0000000000000000
0000000000000000
0000000000000000
0000000000000000

zero

0000000000000000
0000000000000000
0001111111111111
0001111111111111
0001111000000011
0011100000000111
0011100000000111
0111000000001110
0111000000001110
0111000000001110
1110000000011100
1111111111111100
1111111111111000
1111111111110000
0000000000000000
0000000000000000

zero

0000000000000000
0000000000000000
0000000000000000
0000000000000000
0000000000000000
0000000000000000
0000000111000000
0000000110000000
0000000110000000
0000000110000000
0000111111000000
0000000000000000
0000000000000000
0000000000000000
0000000000000000
0000000000000000

one

0000000000000000
0000000000000000
0000000000000000
0000000000000000
0000000000000000
0000111111000000
0000000000100000
0000000001000000
0000000010000000
0000000100000000
0000011111100000
0000000000000000
0000000000000000
0000000000000000
0000000000000000
0000000000000000

two

0000000000000000
0000000000000000
0000000000000000
0000000000000000
0000000000000000
0000000000000000
0000011111110000
0000010000110000
0000011000110000
0000011000110000
0000011111100000
0000000000000000
0000000000000000
0000000000000000
0000000000000000
0000000000000000

zero

0000000000000000
0000000000000000
0000000000000000
0000000000000000
0000001100000000
0000001100000000
0000001100000000
0000000110000000
0000000110000000
0000000110000000
0000000011000000
0000001111110000
0000000000000000
0000000000000000
0000000000000000
0000000000000000

one

0000000000000000
0000000000111000
0000000010010000
0000000000000000
0000000000010000
0000000001100000
0000000000000000
0000000010000000
0000000010000000
0000000000000000
0000001000000000
0000001100000000
0000111100000000
0000111100000000
0000000000000000
0000000000000000

two

0000000000000000
0000000000000000
0000000000000000
0000000000000000
0000000000000000
0000000000000000
0000000011000000
0000000010000000
0000000010000000
0000000010000000
0000001100000000
0000000000000000
0000000000000000
0000000000000000
0000000000000000
0000000000000000

one

0000000000000000
0000000000000000
0000000000000000
0000000000000000
0000000000000000
0000001111110000
0000011000110000
0000010000110000
0000011000110000
0000011000110000
0000011111100000
0000000000000000
0000000000000000
0000000000000000
0000000000000000
0000000000000000

zero

0000000000000000
0000000000000000
0000000000000000
0000000000000000
0111111111100000
0011111111111000
0011000000011000
0001100000001100
0001100000001100
0001100000001100
0000111111111110
0000111111111100
0000000000000000
0000000000000000
0000000000000000
0000000000000000

zero

0000000000000000
0000000000000000
0000000000000000
0000000000000000
0000111111110000
0000000000010000
0000000000100000
0000000001000000
0000000110000000
0000001100000000
0000111110010000
0000111111110000
0000000000000000
0000000000000000
0000000000000000
0000000000000000

two

0000000000000000
0000000000000000
0000000000000000
0000000000000000
0000000000000000
0111111111110000
0000000000011000
0000000001100000
0000000110000000
0000011000000000
0111111111111100
0000000000000000
0000000000000000
0000000000000000
0000000000000000
0000000000000000

two

0000000000000000
0000000000000000
0000000000000000
0000000000000000
0000000000000000
0000000000000000
0000100000010000
0000000001100000
0000000010000000
0000001100001000
0000000000100000
0000000000000000
0000000000000000
0000000000000000
0000000000000000
0000000000000000

two

0000000000000000
0000000000000000
0000000000000000
0000000000000000
0000000000000000
0000000011000000
0000000001000000
0000000010000000
0000000010000000
0000000010000000
0000000100000000
0000011110000000
0000000000000000
0000000000000000
0000000000000000
0000000000000000

one

0000000000000000
0000000000000000
0000000000000000
0000000000000000
0000000000000000
0011111111111100
0011100000011100
0011000000001100
0011000000001100
0011100000001100
0011111111111100
0000000000000000
0000000000000000
0000000000000000
0000000000000000
0000000000000000

zero

0000000000000000
0000000000000000
0000111111111100
0000111111111100
0000111000001100
0000110000001100
0001100000011000
0001100000011000
0001100000011000
0001100000011000
0001100000011000
0011111111110000
0011111111110000
0001111111110000
0000000000000000
0000000000000000

zero

0000000000000000
0000000000000000
0000000000000000
0000000000000000
0000111111100000
0000111111100000
0000010000010000
0000010000010000
0000010000010000
0000010000010000
0000011111110000
0000001111110000
0000000000000000
0000000000000000
0000000000000000
0000000000000000

zero

0000000000000000
0000000000000000
0000000000000000
0000000000000000
0000001110000000
0000000110000000
0000000110000000
0000000110000000
0000000110000000
0000000110000000
0000000111000000
0000011111100000
0000011111100000
0000000000000000
0000000000000000
0000000000000000

one

0000000000000000
0000000000000000
0000000000000000
0000000000000000
0000000000000000
0111111111110000
0000000000110000
0000000011100000
0000000110000000
0000011000000000
0001111111111110
0000000000000000
0000000000000000
0000000000000000
0000000000000000
0000000000000000

two

0000000000000000
0000000000000000
0000000000000000
0000000000000000
0000000011000000
0000000110000000
0000000110000000
0000000110000000
0000000110000000
0000000110000000
0000001110000000
0000001111000000
0000011110000000
0000000000000000
0000000000000000
0000000000000000

one

0000000000000000
0000000000000000
0001111111111111
0011111111111111
0011110000000011
0111000000000011
0111000000000011
1110000000000111
1110000000000111
1110000000000111
1110000000011110
1111111111111110
1111111111111100
1111111111110000
0000000000000000
0000000000000000

zero

0000000000000000
0000000000000000
0000000000000000
0000000000000000
0000001100000000
0000001100000000
0000001100000000
0000001110000000
0000000110000000
0000000110000000
0000000011000000
0000001111110000
0000000000000000
0000000000000000
0000000000000000
0000000000000000

one

0000000000000000
0000001000000000
0011111111000000
0010000011000000
0000000011000000
0000000001000000
0000000010000000
0000000011000000
0000000010000000
0000000100000000
0000000100000000
0000001100000000
0000001111111100
0000000000000000
0000000000000000
0000000000000000

two

0000000000000000
0000000000000000
0000000000000000
0000000000000000
0000000000000000
0000000000000000
0000000110000000
0000000010000000
0000000010000000
0000000010000000
0000001111000000
0000000000000000
0000000000000000
0000000000000000
0000000000000000
0000000000000000

one

0000000000000000
0000000000000000
0000000000000000
0000000000000000
0000001100000000
0000001100000000
0000001100000000
0000000110000000
0000000110000000
0000000110000000
0000000011000000
0000000111100000
0000000000000000
0000000000000000
0000000000000000
0000000000000000

one

0000000000000000
0000000000000000
0000000000000000
0111111111111111
1111111111111111
1110000000000111
1110000000000111
1110000000000111
1110000000000111
1110000000000111
1111000100001111
1111111111111111
0111111111111110
0000100000000000
0000000000000000
0000000000000000

zero

0000000000000000
0000000000000000
0000001100000000
0000011100000000
0000001100000000
0000001100000000
0000000110000000
0000000110000000
0000000110000000
0000000110000000
0000000110000000
0000000011000000
0000001111110000
0000001111110000
0000000000000000
0000000000000000

one

0001111111111000
0001111111111100
0011111111111100
0011100000011100
0011100000001100
0011100000001100
0011100000001100
0011100000001100
0011100000001100
0011100000001100
0011100000001100
0011100000011100
0011111111111100
0001111111111100
0001111111111000
0000000000000000

zero

0000000000000000
0000001000000000
0000011000000000
0000000100000000
0000000100000000
0000000100000000
0000000100000000
0000000010000000
0000000110000000
0000000010000000
0000000001000000
0000000001000000
0000000001000000
0000000111100000
0000000011110000
0000000000010000

one

0000000000000000
0000000000000000
0001111110000000
0000000001000000
0000000001000000
0000000011000000
0000000010000000
0000000010000000
0000000010000000
0000000100000000
0000000110000000
0000000100000000
0000011111111000
0000001111111000
0000000000000000
0000000000000000

two

0000000000000000
0000001111100000
0000010000100000
0000000000100000
0000000000100000
0000000001000000
0000000001000000
0000000010000000
0000000010000000
0000000100000000
0000000100000000
0000001100000000
0000011111100000
0000011111100000
0000000000000000
0000000000000000

two

0000000000000000
0000001000000000
0000011000000000
0000001000000000
0000000100000000
0000000100000000
0000000100000000
0000000010000000
0000000010000000
0000000010000000
0000000001000000
0000000001000000
0000000001000000
0000000011110000
0000000011110000
0000000000000000

one

0000000000000000
0000000000000000
0000000000000000
0000000000000000
0000000000000000
0000000000000000
0000010000100000
0000000001000000
0000000010000000
0000000000000000
0000001000000000
0000000000000000
0000000000000000
0000000000000000
0000000000000000
0000000000000000

two

0000000000000000
0000000000000000
0000000000000000
0000001111110000
0000011000011000
0000000000010000
0000000001100000
0000000011000000
0000000010000000
0000000100000000
0000001000000000
0001111111100000
0000000100000000
0000000000000000
0000000000000000
0000000000000000

two

0000000000000000
0000000000000000
0000000000000000
0000000001000000
0000000001000000
0000000001000000
0000000010000000
0000000010000000
0000000010000000
0000000010000000
0000000010000000
0000000100000000
0000001100000000
0000000100000000
0000000000000000
0000000000000000

one

0000000000000000
0000000000000000
0001111110000000
0010010001000000
0000000001000000
0000000001000000
0000000010000000
0000000011000000
0000000010000000
0000000100000000
0000000100000000
0000011111111000
0000001111111100
0000000000000000
0000000000000000
0000000000000000

two

0000000000000000
0000000000000000
0000000000000000
0000000000000000
0000011111000000
0000010011000000
0000010001000000
0000001000100000
0000001000100000
0000001000100000
0000000100010000
0000000111110000
0000000000100000
0000000000000000
0000000000000000
0000000000000000

zero

0000000000000000
0000000000000000
0000000000000000
0000000000000000
0000000000000000
0100000000010000
0000000000110000
0000000001100000
0000000110000000
0000011000000000
0001111111111100
0000000000000000
0000000000000000
0000000000000000
0000000000000000
0000000000000000

two

0000000000000000
0000000000000000
0000000000000000
0000000000000000
0000000000000000
0000000100000000
0000000100000000
0000000010000000
0000000010000000
0000000010000000
0000000011100000
0000000010000000
0000000000000000
0000000000000000
0000000000000000
0000000000000000

one

0000000000000000
0011111111110000
0110001000010000
0000000000010000
0000000000110000
0000000001100000
0000000001100000
0000000011000000
0000000110000000
0000001100000000
0000011000000000
0000011100000000
0001111111111100
0001111111111100
0000000001010010
0000000000000000

two

0000000000000000
0000000000000000
0000000000000000
0000000001100000
0000000011000000
0000000011000000
0000000011000000
0000000110000000
0000000110000000
0000000110000000
0000001100000000
0000001100000000
0000011111000000
0000000000000000
0000000000000000
0000000000000000

one

0000000000000000
0000111111111111
0000111111111111
0000111111111111
0001100000000110
0001100000000110
0001100000000110
0011000000001100
0011000000001100
0011000000001100
0110000000011000
0111010000111000
0111111111111000
1111111111110000
0001000000000000
0000000000000000

zero

0000000000000000
0000000000000000
0000000001000000
0000000001000000
0000000001000000
0000000001000000
0000000010000000
0000000010000000
0000000010000000
0000000010000000
0000000010000000
0000000100000000
0000001100000000
0000001100000000
0000000000000000
0000000000000000

one

0000000000000000
0000000000000000
0000000000000000
0000000000000000
0000000000000000
0000000100000000
0000000100000000
0000000010000000
0000000010000000
0000000010000000
0000000111100000
0000000000000000
0000000000000000
0000000000000000
0000000000000000
0000000000000000

one

0000000000000000
0000000000000000
0000000000000000
0000000000000000
0000010000000000
0000000001000000
0000000010000000
0000000000000000
0000000010000000
0000000100000000
0000000111110000
0000000100000000
0000000000000000
0000000000000000
0000000000000000
0000000000000000

two

0000000000000000
0000000111111000
0000001000000100
0000000000001000
0000000000010000
0000000000110000
0000000000100000
0000000010000000
0000000010000000
0000000100000000
0000011000000000
0000010000000000
0001111111100000
0001111111100000
0000000000000000
0000000000000000

two

0000000000000000
0000000000000000
0000000000000000
0000000000000000
0000000000000000
0000000000000000
0000000100000000
0000000010000000
0000000010000000
0000000010000000
0000000011000000
0000000000000000
0000000000000000
0000000000000000
0000000000000000
0000000000000000

one

0000000000000000
0000000000000000
0000000000000000
0000000000000000
0000000000000000
0111111111111000
0111000000111100
0011000000001110
0011100000001110
0011000000001110
0001111111111111
0000000000000000
0000000000000000
0000000000000000
0000000000000000
0000000000000000

zero

0000000000000000
0000000000000000
1111111111111100
1111111111111110
1111001000111110
1110000000000111
1110000000000111
1111000000000111
1110000000000111
1110000000000111
1111000000001111
1111111111111111
0011111111111111
0000000001000000
0000000000000000
0000000000000000

zero

0000000000000000
0000000000000000
0000000000000000
0000000000000000
0000000110000000
0000000010000000
0000000110000000
0000000010000000
0000000010000000
0000000010000000
0000000110000000
0000001111000000
0000000000000000
0000000000000000
0000000000000000
0000000000000000

one

0000000000000000
0000000000000000
0111111111000000
0010000000110000
0000000000100000
0000000001000000
0000000010000000
0000000011000000
0000000110000000
0000001100000000
0000000100000000
0000001100000000
0000111111111100
0000111111111000
0000000000000000
0000000000000000

two

0000000000000000
0111111111000000
1100000001100000
0000000000110000
0000000000100000
0000000001100000
0000000011000000
0000000011000000
0000000110000000
0000001100000000
0000001100000000
0000001000001000
0011111111111100
0001111111111100
0000000000000000
0000000000000000

two

0000000000000000
0000001100000000
0000011100000000
0000001100000000
0000001100000000
0000000110000000
0000000110000000
0000000110000000
0000000110000000
0000000110000000
0000000110000000
0000000110000000
0000000011000000
0000001111110000
0000001111110000
0000000000000000

one

0000000000000000
0000000001000000
0000000001000000
0000000001000000
0000000001000000
0000000001000000
0000000010000000
0000000010000000
0000000010000000
0000000010000000
0000000010000000
0000000100000000
0000000100000000
0000001110000000
0000001100000000
0000000000000000

one

0000000000000000
0000000000000000
0000000000000000
0000000000000000
0000000000000000
0000000000000000
0000000001000000
0000000010000000
0000000010000000
0000000010000000
0000001100000000
0000000000000000
0000000000000000
0000000000000000
0000000000000000
0000000000000000

one

0000000000000000
0000000000000000
0000000000000000
0000000000000000
0000000010000000
0001010000100000
0000000001000000
0000000001100000
0000000010000000
0000001100000000
0000011111111000
0000010010000000
0000000000000000
0000000000000000
0000000000000000
0000000000000000

two

0000000000000000
0000000000000000
0000000000000000
0000000000000000
0000000000000000
0000000000000000
0000100000110000
0000000001000000
0000000010000000
0000001000000000
0000111111100000
0000000000000000
0000000000000000
0000000000000000
0000000000000000
0000000000000000

two

0000000000000000
0000000000000000
0000000000000000
0000000000000000
0000000000000000
0000000000000000
0000001100000000
0000000010000000
0000000010000000
0000000010000000
0000000011100000
0000000000000000
0000000000000000
0000000000000000
0000000000000000
0000000000000000

one

0000000000000000
0000000000000000
0000000000000000
0000000000000000
0000000001000000
0000100001000000
0000000000100000
0000000001000000
0000000011000000
0000000100000000
0000011111100000
0000000000010000
0000000000000000
0000000000000000
0000000000000000
0000000000000000

two

0000000000000000
0000000000000000
0000000000000000
0000000000000000
0000000000000000
1111111111111100
0111000000001110
0111000000000110
0111000000000110
0111000000001110
0111111111111110
0000000001000000
0000000000000000
0000000000000000
0000000000000000
0000000000000000

zero

0000000000000000
0000000000000000
0000000000000000
0011111111000000
0111111111100000
0011100000110000
0011000000110000
0001100000011000
0001100000011000
0001100000011000
0000111010011100
0000111111111100
0000001111111100
0000000000000000
0000000000000000
0000000000000000

zero

0000000000000000
0000100000000000
0111111111110000
1100010000011000
0000000000011000
0000000000110000
0000000001100000
0000000111000000
0000000110000000
0000001100000000
0000011000000000
0000111000000000
0011111111111110
0001100000000010
0000000000000000
0000000000000000

two

0000000000000000
0000000000000000
0000000000000000
1111111111110000
0111111111111000
0111000000011000
0111000000011000
0011100000001100
0011100000001100
0011100000001100
0001110000001110
0001111111111110
0000111111111100
0000100000000000
0000000000000000
0000000000000000

zero

0000000000000000
0000000000000000
0000000000000000
0000000000000000
0000111111110000
0001000000011000
0000000000110000
0000000001000000
0000000110000000
0000001100000000
0001111111111000
0000000000000000
0000000000000000
0000000000000000
0000000000000000
0000000000000000

two

0000000000000000
0000000000000000
0000000000000000
0011111111000000
0000000001100000
0000000001100000
0000000011100000
0000000011000000
0000000110000000
0000001100000000
0000001100000000
0000111111111100
0000011111111100
0000000000000000
0000000000000000
0000000000000000

two

0000000000000000
0000000000000000
0000000111111100
0000001111111000
0000001111111000
0000001000011000
0000001000011000
0000010000110000
0000010000110000
0000010000110000
0000101001100000
0000111111100000
0000111111100000
0000010000000000
0000000000000000
0000000000000000

zero

0000000000000000
0000000000000000
0000000000000000
0000000000000000
0000000010000000
0000000110000000
0000000110000000
0000000010000000
0000000010000000
0000000010000000
0000000010000000
0000001111000000
0000000000000000
0000000000000000
0000000000000000
0000000000000000

one

0000000000000000
0000000000000000
0000001111000000
0000000001000000
0000000000000000
0000000001000000
0000000010000000
0000000010000000
0000000010000000
0000000000000000
0000000100000000
0000000100000000
0000001111000000
0000000000000000
0000000000000000
0000000000000000

two

0000000000000000
1111111110000000
1100000000100000
0000000000110000
0000000000110000
0000000001100000
0000000011000000
0000000011000000
0000001110000000
0000001110000000
0000001100000000
0000011000000000
0011111111111110
0001111111111111
0001000000101000
0000000000000000

two

0000000000000000
0000000000000000
0000000000100000
0000000001100000
0000000001000000
0000000001000000
0000000001000000
0000000010000000
0000000010000000
0000000010000000
0000000100000000
0000000100000000
0000001100000000
0000111100000000
0000000000000000
0000000000000000

one

0000000000000000
0000000010000000
0000000110000000
0000000010000000
0000000010000000
0000000010000000
0000000010000000
0000000010000000
0000000010000000
0000000010000000
0000000010000000
0000000010000000
0000000010000000
0000000111000000
0000000111000000
0000000000000000

one

0000000000000000
0000000000000000
0000000000000000
0000000000000000
0000000000000000
0011111111111000
0011000000111000
0001100000001100
0001100000001100
0001100000011100
0000111111111110
0000000000000000
0000000000000000
0000000000000000
0000000000000000
0000000000000000

zero

0000000000000000
0000000000000000
0000000000000000
0000000010000000
0000000010000000
0000000010000000
0000000010000000
0000000010000000
0000000010000000
0000000010000000
0000000010000000
0000000010000000
0000000111000000
0000000000000000
0000000000000000
0000000000000000

one

0000000000000000
0000000000000000
0000000000100000
0000000001100000
0000000000100000
0000000001000000
0000000001000000
0000000110000000
0000000010000000
0000000010000000
0000000100000000
0000000100000000
0000011100000000
0000011100000000
0000010000000000
0000000000000000

one

0000000000000000
0000000000000000
0001111110000000
0000100001000000
0000000001000000
0000000001000000
0000000010000000
0000000010000000
0000000010000000
0000000100000000
0000000100000000
0000001111110000
0000001111110000
0000000000000000
0000000000000000
0000000000000000

two

0000000000000000
0000000000000000
0000000000000000
0000000000000000
0000000000000000
0000000000000000
0001000001100000
0000000001000000
0000000010000000
0000001000000000
0000000000000000
0000000000000000
0000000000000000
0000000000000000
0000000000000000
0000000000000000

two

0000000000000000
0000000000000000
0000000000000000
0001111111111000
0010000000001000
0000000000011000
0000000000110000
0000000011000000
0000000110000000
0000001100000000
0000110000000000
0011111111111000
0010110001011000
0000000000000000
0000000000000000
0000000000000000

two

0000000000000000
0000011111111111
0001111111111111
0001111111111111
0011100000000111
0011100000000111
0011000000000011
0110000000000110
0110000000000110
0110000000000110
1110000000011100
1111100000111100
1111111111111100
1111111111111000
0000010010001000
0000000000000000

zero

0000111111000000
0000111111100000
0000111111100000
0000011000110000
0000010000110000
0000010000010000
0000010000010000
0000010000010000
0000010000010000
0000010000010000
0000010000110000
0000011000110000
0000011111110000
0000011111110000
0000001111110000
0000000000000000

zero

0000000000000000
0000000000000000
0000000000000000
0000000000000000
0000000000000000
0000000000000000
0000011111110000
0000010000110000
0000010000110000
0000011001110000
0000011111100000
0000000000000000
0000000000000000
0000000000000000
0000000000000000
0000000000000000

zero

0000000000000000
0000000000000000
0000111111100000
0000100000010000
0000000000110000
0000000000100000
0000000001000000
0000000011000000
0000000010000000
0000000100000000
0000001000000000
0000011000000000
0000111111110000
0000000000000000
0000000000000000
0000000000000000

two

0000000000000000
0000000000000000
0111111111110000
1100000000011000
0000000000011000
0000000000100000
0000000001100000
0000000011000000
0000000110000000
0000001100000000
0000011000000000
0001111111111100
0011111111111110
0000000000000000
0000000000000000
0000000000000000

two

0000000000000000
0000000000000000
0011111111100000
0110000000110000
0000000000110000
0000000001100000
0000000001100000
0000000011000000
0000000110000000
0000001100000000
0000011000000000
0001111111111100
0001111111111100
0000000000000000
0000000000000000
0000000000000000

two

0000000000000000
0000000000000000
0000000000000000
0000000110000000
0000000110000000
0000000110000000
0000000111000000
0000000110000000
0000000110000000
0000000111000000
0000000110000000
0000000110000000
0000011111100000
0000000000000000
0000000000000000
0000000000000000

one

0000000000000000
0000000000000000
0000000000000000
0000000000000000
0000100111000000
0000000001000000
0000000001000000
0000000001000000
0000000010000000
0000000100000000
0000001110000000
0000001111110000
0000000000000000
0000000000000000
0000000000000000
0000000000000000

two

0000000000000000
0000000000000000
0000000000000000
0000000000000000
0000001110000000
0000000110000000
0000000110000000
0000000110000000
0000000110000000
0000000110000000
0000000110000000
0000011111100000
0000001111100000
0000000000000000
0000000000000000
0000000000000000

one

0000000000000000
0000001111100000
0000011111100000
0000011111100000
0000011000100000
0000010000100000
0000010000100000
0000010000100000
0000010000100000
0000010000100000
0000010000100000
0000011111100000
0000011111100000
0000011111100000
0000000000000000
0000000000000000

zero

0000000000000000
0000000000000000
0000000000000000
0000000000000000
0000000000000000
0000000000000000
0000000111000000
0000000110000000
0000000110000000
0000001110000000
0000111111100000
0000000000000000
0000000000000000
0000000000000000
0000000000000000
0000000000000000

one

0000000000000000
0000000000000000
0000011110000000
0000010000000000
0000000000000000
0000000001000000
0000000001000000
0000000010000000
0000000110000000
0000000000000000
0000000100000000
0000001111000000
0000001111000000
0000000000000000
0000000000000000
0000000000000000

two

0000000000000000
0000111111111111
0011111111111111
0011111111111111
0011100000000111
0011100000000011
0111000000000110
0111000000000110
0111000000000110
0111000000000110
0111000000001110
1111000000111100
1111111111111100
1111111111111100
0000000000000000
0000000000000000

zero

0000000000000000
0000000000100000
0000000001100000
0000000011000000
0000000011000000
0000000011000000
0000000011000000
0000000110000000
0000000110000000
0000000110000000
0000001100000000
0000001100000000
0000001100000000
0000111111000000
0000111100000000
0000000000000000

one

0000000000000000
0000001111110000
0000001111111000
0000001111111000
0000001100011000
0000001000011000
0000010000110000
0000010000110000
0000010000110000
0000010000110000
0000010000110000
0000111111100000
0000111111100000
0000111111000000
0000000011000000
0000000000000000

zero

0000000000000000
0000000000000000
0000000000000000
0000000000000000
0000000000000000
0011000000011000
0000000000010000
0000000001100000
0000000111000000
0000011000000000
0011111111111000
0000000000000000
0000000000000000
0000000000000000
0000000000000000
0000000000000000

two

0000000000000000
0000000000000000
0000000000000000
0000111111111100
0000000000001100
0000000000010000
0000000000100000
0000000011000000
0000000110000000
0000001100000000
0000011000000000
0011111111111000
0111111111110000
0000000000000000
0000000000000000
0000000000000000

two

0000000011111110
0000000111111100
0000000111111100
0000000100001100
0000001000001000
0000001000011000
0000001000001000
0000010000010000
0000010000010000
0000010000010000
0000100000100000
0000100001100000
0000111111100000
0001111111000000
0001111110000000
0000000000000000

zero

0000000000000000
0000000000000000
0000000000000000
0001111111100000
0001111111100000
0001100000100000
0001100000100000
0000110000010000
0000110000010000
0000110000010000
0000011000011000
0000011111111000
0000001111111000
0000000000000000
0000000000000000
0000000000000000

zero

0000000000000000
0001111111111000
0011111111111100
0011111111111110
0011100000011110
0011000000001110
0011000000001110
0011000000001110
0011000000001110
0011000000001110
0011000000001110
0011111111111110
0011111111111110
0001111111111100
0001100000000000
0000000000000000

zero

0000000000000000
0000000000000000
0000000010000000
0000000010000000
0000000010000000
0000000010000000
0000000010000000
0000000010000000
0000000010000000
0000000010000000
0000000010000000
0000000010000000
0000000010000000
0000000110000000
0000000000000000
0000000000000000

one

0000000000000000
0000000000000000
0000000000000000
0000111110000000
0001111110000000
0000110001000000
0000100001000000
0000010000100000
0000010000100000
0000010000100000
0000001100010000
0000001111110000
0000000000100000
0000000000000000
0000000000000000
0000000000000000

zero

0000000000000000
0000000000000000
0000000000000000
0000000000000000
0000000000000000
0000111111110000
0000110000111000
0000100000011000
0000100000011000
0000110000011000
0000111111111000
0000000000000000
0000000000000000
0000000000000000
0000000000000000
0000000000000000

zero

0000000000000000
0000000000000000
0000000000000000
0000000000000000
0000000000000000
0000001100000000
0000001100000000
0000000110000000
0000000110000000
0000000110000000
0000000111110000
0000000000000000
0000000000000000
0000000000000000
0000000000000000
0000000000000000

one

0000000000000000
0000000000000000
0000000000000000
0000000000000000
0000000000000000
0000001110000000
0000000110000000
0000000110000000
0000000110000000
0000000110000000
0000000110000000
0000011111100000
0000000000000000
0000000000000000
0000000000000000
0000000000000000

one

0000000000000000
0000000000000000
0000000000000000
0000000000000000
0000000001000000
0000000011000000
0000000011000000
0000000110000000
0000000110000000
0000000110000000
0000001100000000
0000011111000000
0000000000000000
0000000000000000
0000000000000000
0000000000000000

one

0000000000000000
0000000000000000
0000000000000000
0000000010000000
0000000010000000
0000000010000000
0000000010000000
0000000010000000
0000000010000000
0000000010000000
0000000010000000
0000000010000000
0000000111000000
0000000000000000
0000000000000000
0000000000000000

one

0000000000000000
0000000000000000
0000000000000000
0000000000000000
0000000000000000
0000011111100000
0000011000100000
0000010000100000
0000010000100000
0000010000100000
0000011111100000
0000000000100000
0000000000000000
0000000000000000
0000000000000000
0000000000000000

zero

0000000000000000
0000000000000000
0000000000000000
0000000000000000
0000000000000000
0000010000000000
0000000010000000
0000000010000000
0000000010000000
0000000100000000
0000000111100000
0000000000000000
0000000000000000
0000000000000000
0000000000000000
0000000000000000

two

0000000000000000
0000000000000000
0000000000000000
0000000000000000
0000000000000000
0000000100000000
0001000000100000
0000000001000000
0000000010000000
0000001000000000
0000000000000000
0000000000000000
0000000000000000
0000000000000000
0000000000000000
0000000000000000

two

0000000000000000
0000000000000000
0000000000000000
0000000000000000
0000001111111000
0000001111111000
0000010000110000
0000010000110000
0000010000110000
0000010000110000
0000011111110000
0000111111100000
0000000000000000
0000000000000000
0000000000000000
0000000000000000

zero

0000000000000000
0000000000000000
0000000000000000
0000000000000000
0000000000000000
0000000000000000
0000001001000000
0000000001000000
0000000010000000
0000000100000000
0000000000000000
0000000000000000
0000000000000000
0000000000000000
0000000000000000
0000000000000000

two

0000000000000000
0000000000000000
0000000000000000
0000000000000000
0000000011000000
0000000001000000
0000000001000000
0000000010000000
0000000010000000
0000000010000000
0000000100000000
0000001100000000
0000001110000000
0000000000000000
0000000000000000
0000000000000000

one

0000000000000000
0000000000000000
0000000000000000
0000000000000000
0000000110000000
0000000110000000
0000000110000000
0000000110000000
0000000111000000
0000000110000000
0000000110000000
0000001111000000
0000001111100000
0000000000000000
0000000000000000
0000000000000000

one

0000000000000000
0000000110000000
0000000110000000
0000000110000000
0000000110000000
0000000110000000
0000000110000000
0000000110000000
0000000110000000
0000000110000000
0000000111000000
0000000110000000
0000001110000000
0000001111000000
0000001111000000
0000000000000000

one

0000000000000000
0000000000000000
0000000000000000
0000000000000000
0000000000000000
0000000100000000
0000000100000000
0000000010000000
0000000110000000
0000000010000000
0000000011100000
0000000000000000
0000000000000000
0000000000000000
0000000000000000
0000000000000000

one

0000000000000000
0000000000000000
0000000000000000
0000000000000000
0000111111111000
0001111111111100
0001110000011100
0001100000001100
0001100000001100
0001100000001100
0001111111111100
0001111111111000
0000000000000000
0000000000000000
0000000000000000
0000000000000000

zero

0000000000000000
0000000000000000
0000000000000000
0000000000000000
0000000000000000
0000000000000000
0000000110000000
0000000110000000
0000000110000000
0000000110000000
0000011111100000
0000000000000000
0000000000000000
0000000000000000
0000000000000000
0000000000000000

one

0000000000000000
0000000000000000
0000000000000000
0000000000000000
0000000000000000
0000000011000000
0000000010000000
0000000010000000
0000000010000000
0000000010000000
0000000010000000
0000001110000000
0000000000000000
0000000000000000
0000000000000000
0000000000000000

one

0000000000000000
0000000000000000
0000000000000000
0001111111110000
0000000000011000
0000000000010000
0000000000100000
0000000011000000
0000000110000000
0000001100000000
0000011000000000
0011111111111000
0001111111111000
0000000000000000
0000000000000000
0000000000000000

two

0000000000000000
0000011111100000
0000110100100000
0000000000110000
0000000000100000
0000000001000000
0000000001000000
0000000010000000
0000000010000000
0000000100000000
0000000100000000
0000001000000000
0000111111110000
0000111111100000
0000000000000000
0000000000000000

two

0000000000000000
0000000000000000
0000001100000000
0000011100000000
0000001100000000
0000001100000000
0000000110000000
0000000110000000
0000000110000000
0000000110000000
0000000110000000
0000000011000000
0000000111110000
0000000111110000
0000000000000000
0000000000000000

one

0000000000000000
0000000000000000
0000000000000000
0000000000000000
0000000000000000
0001111111111000
0001100000011000
0001100000011000
0001100000011000
0001100000011000
0001111111111000
0000111111110000
0000000000000000
0000000000000000
0000000000000000
0000000000000000

zero

0001111111111110
0011111111111111
0011111111111111
0011110000000111
0011100000000111
0011100000000111
0111000000001110
0111000000001110
0111000000001110
0111000000001110
0111000000001110
1111000000011100
1111111111111100
1111111111111100
0111111111111000
0000000000000000

zero

0000000000000000
0000000000000000
0000001100000000
0000001100000000
0000000110000000
0000000110000000
0000000110000000
0000000110000000
0000000110000000
0000000110000000
0000000110000000
0000000110000000
0000001111000000
0000000111100000
0000000000010000
0000000000000000

one

0000000000000000
0111111111100000
1111111111110000
1111111111110000
0111000000111000
0111000000011000
0111000000011000
0011100000001100
0011100000001100
0011100000001100
0001110000010110
0001110000001110
0001111111111110
0000011111111110
0000000001000000
0000000000000000

zero

0000000000000000
0000001000000000
0000011000000000
0000001000000000
0000000100000000
0000001100000000
0000000100000000
0000000010000000
0000000010000000
0000000010000000
0000000001000000
0000000001000000
0000000001000000
0000000001110000
0000000001110000
0000000000000000

one

0000000000000000
0000000000000000
0000000000000000
0000000000000000
0000000000000000
0000000000000000
0000000000100000
0000000001000000
0000000010000000
0000001100000000
0000001111100000
0000000000000000
0000000000000000
0000000000000000
0000000000000000
0000000000000000

two

0000000000000000
0000000000000000
0000000000000000
0000000000000000
0000000000000000
0000000000000000
0000000110000000
0000000110000000
0000000110000000
0000000110000000
0000011111000000
0000000000000000
0000000000000000
0000000000000000
0000000000000000
0000000000000000

one

0000000000000000
0000000000000000
0000000000000000
0000000000000000
0000000000000000
0000000000000000
0000111111111100
0001110000011000
0001100000011000
0001110000011000
0001111111100000
0000000000000000
0000000000000000
0000000000000000
0000000000000000
0000000000000000

zero

0000000000000000
0000000000000000
0000000000000000
0000000011000000
0000000011000000
0000000110000000
0000000110000000
0000000110000000
0000000110000000
0000000110000000
0000000110000000
0000010110000000
0000111111100000
0000000000000000
0000000000000000
0000000000000000

one

0000000000000000
0000000000000000
0000000100000000
0000000100000000
0000000100000000
0000000100000000
0000000010000000
0000000010000000
0000000110000000
0000000010000000
0000000010000000
0000000001000000
0000000011000000
0000000011100000
0000000000000000
0000000000000000

one

0000000000000000
0000000000000000
0000000000000000
0001111111111000
0000000000001000
0000000000110000
0000000001100000
0000000011000000
0000000111000000
0000011100000000
0000011100000000
0011111111111000
0011111111111000
0000000000000000
0000000000000000
0000000000000000

two

0000000000000000
0000000000000000
0000000000000000
0000001111000000
0000000000000000
0000000001000000
0000000001000000
0000000010000000
0000000010000000
0000000000000000
0000000101000000
0000001111000000
0000000000000000
0000000000000000
0000000000000000
0000000000000000

two

0000000000000000
0000001100000000
0000001110000000
0000001100000000
0000001110000000
0000000110000000
0000000110000000
0000000110000000
0000000110000000
0000000110000000
0000000110000000
0000000110000000
0000000011100000
0000000111100000
0000000111100000
0000000000000000

one

0000000000000000
0000000000000000
0000000000000000
0000000000000000
0000000000000000
0011111111110000
0001110000011000
0001100000011000
0001100000011000
0001100000011000
0001111111111000
0000000000000000
0000000000000000
0000000000000000
0000000000000000
0000000000000000

zero

0000000000000000
0000000000000000
0000000000000000
0000000000000000
0000000000000000
0110000001101100
0000000000011000
0000000001100000
0000000111000000
0000011000000000
0111111111111100
0000000000000000
0000000000000000
0000000000000000
0000000000000000
0000000000000000

two

0000000000000000
0000000000000000
0000000000000000
0000000000000000
0111111111111100
1111111111111100
0110000000000110
0110000000000110
0110000000000110
0110000000000110
0111111111111110
0001111111111111
0000000000000000
0000000000000000
0000000000000000
0000000000000000

zero

0000000000000000
0000000000000000
0000000000000000
0000000000000000
0000000000000000
0000000000000000
1111111111111111
1110000000000111
1110000000000111
1111000000001111
0111111111111110
0000000000000000
0000000000000000
0000000000000000
0000000000000000
0000000000000000

zero

0000000000000000
0000000000000000
0000000000000000
0000000000000000
0000000000000000
0011111111111111
0011110000000111
0111000000001110
0111000000001110
0111100000001110
1111111111111100
0000000000000000
0000000000000000
0000000000000000
0000000000000000
0000000000000000

zero

0000000000000000
0000000000000000
0000000000000000
0000000111110000
0000000111110000
0000000100010000
0000001000100000
0000001000100000
0000001000100000
0000001000100000
0000001000100000
0000011111000000
0000011111000000
0000000000000000
0000000000000000
0000000000000000

zero

0000000000000000
0000000000000000
0000000000000000
0000000000000000
0000000111100000
0000000000010000
0000000000100000
0000000000000000
0000000010000000
0000000100000000
0000001000000000
0000111111000000
0000000000000000
0000000000000000
0000000000000000
0000000000000000

two

0000111111111000
0001111111111000
0001111111111000
0001110000011000
0001110000111000
0001100000011000
0001100000011000
0001100000011000
0001100000011000
0001100000011000
0001100000011000
0001110000011000
0001111111111000
0001111111111000
0000111111111000
0000000000000000

zero

0000000000000000
0000000000000000
0000000000000000
0001111110000000
0000100001000000
0000000001000000
0000000010000000
0000000010000000
0000000010000000
0000000100000000
0000000100000000
0000001111110000
0000000000000000
0000000000000000
0000000000000000
0000000000000000

two

0000000000000000
0000000000000000
0011111111111111
0111111111111111
0111100000000111
0111000000000011
1110000000000111
1110000000000111
1110000000000111
1110000000000111
1111000000001111
1111111111111110
1111111111111110
0000000000000000
0000000000000000
0000000000000000

zero

0000000000000000
0000000000000000
0000000000000000
0000000000000000
0000000011100000
0000000000000000
0000000000100000
0000000000000000
0000000010000000
0000000100000000
0000011110000000
0000011110000000
0000000000000000
0000000000000000
0000000000000000
0000000000000000

two

0000000000000000
0000000000000000
0000000000000000
0000000000000000
0000000000000000
0000000000000000
0111111111111111
1110000000000111
1111000000000111
1111000001001111
1111111111111100
0000000000000000
0000000000000000
0000000000000000
0000000000000000
0000000000000000

zero

0000000000000000
0000000000000000
0000000000000000
0000000011000000
0000000001000000
0000000001000000
0000000001000000
0000000010000000
0000000010000000
0000000110000000
0000000100000000
0000000100000000
0000001110000000
0000001110000000
0000000000000000
0000000000000000

one

0000000000000000
0011111111100000
0011111111110000
0011110011110000
0011000000110000
0011000000110000
0001100000011000
0001110000011000
0001100000011000
0001100000011000
0001100000011000
0000111010001100
0000111111111100
0000011111111100
0000011111111100
0000000000000000

zero

0000000000000000
0000000000000000
0000001000000000
0000001000000000
0000000100000000
0000000100000000
0000000100000000
0000000010000000
0000000010000000
0000000010000000
0000000001000000
0000000001000000
0000000011000000
0000000001100000
0000000000000000
0000000000000000

one

0000000000000000
0111111111111110
1111111111111111
1111110001111111
1111000000001111
1110000000000111
1110000000000111
1110000000001111
1110000000000111
1110000000000111
1110000000000111
1111010000011111
1111111111111111
0111111111111110
0000000100001000
0000000000000000

zero

0000000000000000
0000000000000000
0000000000000000
0000000000000000
0011111111111100
0011100000011100
0011100000001100
0011000000001100
0011000000001100
0011000000001100
0011100000011100
0011111111111100
0000000000000000
0000000000000000
0000000000000000
0000000000000000

zero

0000000000000000
0000000000000000
0000000000000000
0000000000000000
0000111111000000
0000111111000000
0000100001000000
0000010000100000
0000010000100000
0000010000100000
0000001111110000
0000001111110000
0000000000000000
0000000000000000
0000000000000000
0000000000000000

zero

0000000000000000
0000000000000000
0000011111100000
0000011111110000
0000011000110000
0000010000110000
0000010000110000
0000010000110000
0000010000110000
0000010000110000
0000011000110000
0000011111110000
0000011111100000
0000001111100000
0000000000000000
0000000000000000

zero

0000000000000000
0000000000000000
0000001000000000
0000000100000000
0000000100000000
0000000100000000
0000000100000000
0000000010000000
0000000010000000
0000000010000000
0000000001000000
0000000001000000
0000000011100000
0000000011000000
0000000000000000
0000000000000000

one

0000000000000000
0000000000000000
0000000000000000
0000000000000000
0000000000000000
0000000000000000
0000000110000000
0000000010000000
0000000010000000
0000000010000000
0000001111000000
0000000000000000
0000000000000000
0000000000000000
0000000000000000
0000000000000000

one

0000000000000000
0000000000000000
0011111111111111
0111111111111111
0111110000001111
0111000000000011
1110000000000111
1110000000001111
1110000000000111
1110000000000111
1111100001011111
1111111111111110
1111111111111110
1000000000001000
0000000000000000
0000000000000000

zero

0000000000000000
0000000000000000
0000000000000000
0000000000000000
0000000000000000
0111111111111110
1111000000001111
1110000000000111
1110000000000111
1111010010001111
1111111111111111
0000000000000000
0000000000000000
0000000000000000
0000000000000000
0000000000000000

zero

0000000000000000
0000000000010000
0000000001100000
0000000011100000
0000000011000000
0000000011000000
0000000011000000
0000000110000000
0000000110000000
0000000110000000
0000001100000000
0000001100000000
0000111111000000
0001111110000000
0000000000000000
0000000000000000

one

0000000000000000
0000000000000000
0000001100000000
0000000110000000
0000000110000000
0000000110000000
0000000110000000
0000000110000000
0000000110000000
0000000110000000
0000000110000000
0000000110000000
0000001111000000
0000001111000000
0000000000000000
0000000000000000

one

0000000000000000
0000000000000000
0000000000000000
0000100101000000
0000100000010000
0000000000010000
0000000000100000
0000000001000000
0000001010000000
0000001100000000
0000011000010000
0001111111110000
0000000000000000
0000000000000000
0000000000000000
0000000000000000

two

0000000000000000
0000000000000000
0011111111111111
0111111111111111
0111111111111111
0111010000001011
1110000000001111
1110000000000111
1110000000001111
1110000000000111
1111100000001111
1111111111111110
1111111111111100
0000000100010000
0000000000000000
0000000000000000

zero

0000000000000000
0000111111100000
0000111111100000
0000110001100000
0000100001100000
0000010000110000
0000010000110000
0000010000110000
0000010000110000
0000010000110000
0000010000110000
0000011000110000
0000001111111000
0000001111111000
0000001111110000
0000000000000000

zero

0000000000000000
0000000000000000
0000000000000000
0000011111100000
0000011111100000
0000011000100000
0000010000100000
0000010000100000
0000010000100000
0000010000100000
0000011000100000
0000011111100000
0000001111100000
0000000000000000
0000000000000000
0000000000000000

zero

0001111111100000
0011111111110000
0011111111110000
0011100000110000
0001100000011000
0001100000011000
0001100000011000
0001100000011000
0001100000011000
0001100000011000
0001100000011000
0001110100011000
0001111111111000
0000111111111100
0000011111111100
0000000000000000

zero

0000000000000000
0000000000000000
0000000000000000
0000011111111110
0000111111111110
0000110001001110
0000110000000110
0001100000001100
0001100000001100
0001100000001100
0011100100111000
0011111111111000
0011111111110000
0000000000000000
0000000000000000
0000000000000000

zero

0000000000000000
0000001111100000
0000001111100000
0000001000100000
0000001000100000
0000001000100000
0000001000100000
0000001000100000
0000001000100000
0000001000100000
0000001000100000
0000001000100000
0000001111100000
0000001111100000
0000001111100000
0000000000000000

zero

0000000000000000
0000000000000000
0000000000000000
0000000000000000
0000000000000000
0000000000000000
0001100000010000
0000000001100000
0000000110000000
0000011000000000
0000000000000000
0000000000000000
0000000000000000
0000000000000000
0000000000000000
0000000000000000

two

0000000000000000
0000000000000000
0000011111111000
0000100000001100
0000000000001100
0000000000110000
0000000001100000
0000000011000000
0000000110000000
0000000100000000
0000001000000000
0001111111110000
0011111111110000
0000000000000000
0000000000000000
0000000000000000

two

0000000000000000
0000000000000000
0000011111100000
0000011111110000
0000011000110000
0000010000010000
0000010000010000
0000010000010000
0000010000010000
0000010000110000
0000010000110000
0000011111110000
0000011111110000
0000011111100000
0000000000000000
0000000000000000

zero

0000000000000000
0000000000000000
0000000000000000
0000000000000000
0000001100000000
0000001100000000
0000001100000000
0000000110000000
0000000110000000
0000000110000000
0000000011000000
0000001111110000
0000000000000000
0000000000000000
0000000000000000
0000000000000000

one

0000000000000000
0000000000000000
0000001111110000
0000010000001000
0000000000011000
0000000000010000
0000000001000000
0000000010000000
0000000010000000
0000000100000000
0000001000000000
0001111111000000
0001111111100000
0000000000000000
0000000000000000
0000000000000000

two

0000000000000000
0000000000000000
0111111111111110
0111111111111110
0111000000001110
0111000000000110
0111000000000110
0111000000000110
0111000000000110
0111000000000110
0111100000011110
0111111111111110
0111111111111110
0011111111111100
0000000000000000
0000000000000000

zero

0000000000000000
0000000000000000
0000000000000000
0000001100000000
0000001100000000
0000000110000000
0000000110000000
0000000110000000
0000000110000000
0000000110000000
0000000110000000
0000000110000000
0000000111100000
0000000000000000
0000000000000000
0000000000000000

one

0000000000000000
0000000000000000
0000000000000000
0000000000000000
0000000000000000
1100001000011000
0000000000110000
0000000001100000
0000000110000000
0000011010000000
0011111111111110
0000000000000000
0000000000000000
0000000000000000
0000000000000000
0000000000000000

two

0000000000000000
0000000000000000
0000000000000000
0011111110000000
0011100000100000
0000000001100000
0000000011000000
0000000011000000
0000000111000000
0000001100000000
0000001100000000
0000111111111000
0000000000000000
0000000000000000
0000000000000000
0000000000000000

two

0000000000000000
0000000000000000
0000000000000000
0000000000000000
0000000000000000
0000000000000000
0000000001000000
0000000010000000
0000000010000000
0000000010000000
0000001100000000
0000000000000000
0000000000000000
0000000000000000
0000000000000000
0000000000000000

one

0000000000000000
0000000000000000
0000000000000000
0000000000000000
0000000000000000
0000000000000000
0000000110000000
0000000010000000
0000000010000000
0000000010000000
0000000111000000
0000000000000000
0000000000000000
0000000000000000
0000000000000000
0000000000000000

one

0000000000000000
0000000000000000
0000000001000000
0000000011000000
0000000010000000
0000000010000000
0000000010000000
0000000010000000
0000000010000000
0000000010000000
0000000010000000
0000000010000000
0000000010000000
0000001110000000
0000001110000000
0000000000000000

one

0000000000000000
0000000000000000
0011111111111100
0111111111111110
0111100000011110
0111000000001110
0111000000001110
0111000000001110
0111000000001110
0111000000001110
0111000000001110
0111111111111110
0111111111111110
0011111111111110
0000000000000000
0000000000000000

zero

0000000000000000
0000000000000000
0000111111111000
0000000000001100
0000000000001000
0000000000100000
0000000001000000
0000000011100000
0000000110000000
0000000100000000
0000001000000000
0001111000001000
0011111111110000
0011111111100000
0000000000000000
0000000000000000

two

0000000000000000
0000000000000000
0000000000000000
0000000000000000
0001111111100000
0010000000110000
0000000001100000
0000000001000000
0000000110000000
0000001000000000
0000111111111100
0000000110000000
0000000000000000
0000000000000000
0000000000000000
0000000000000000

two

0000000000000000
0000000000000000
0000000000000000
0000000000000000
0000000000000000
0000010001000000
0000000000101100
0000000000100000
0000000110000000
0000011000000000
0011111111111000
0000000000000000
0000000000000000
0000000000000000
0000000000000000
0000000000000000

two

0000000000000000
0000000000000000
0000010000000000
0000111111110000
0000000000010000
0000000000110000
0000000011100000
0000000011000000
0000000110000000
0000000100000000
0000011010000000
0001111111110000
0001111111110000
0000000000000000
0000000000000000
0000000000000000

two

0000000000000000
0000000000100000
0000000011000000
0000000101000000
0000000001000000
0000000001000000
0000000010000000
0000000010000000
0000000010000000
0000000010000000
0000000010000000
0000000100000000
0000000101000000
0000011110000000
0000011110000000
0000000000000000

one

0000000000000000
0011111111111111
0111111111111111
0111111111111111
0111100001001111
0111000000000011
1110000000000111
1110000000000111
1110000000000111
1110000000000111
1110000000001111
1111000100011110
1111111111111110
1111111111111100
0000000000000000
0000000000000000

zero

0000000000000000
0000000000000000
0000000000000000
0000000000000000
0000000000000000
0000000110000000
0000000110000000
0000000110000000
0000000110000000
0000000110000000
0000001111100000
0000000000000000
0000000000000000
0000000000000000
0000000000000000
0000000000000000

one

0000000000000000
0000000000000000
0000000000000000
0000000000000000
0000000011000000
0000000011000000
0000000110000000
0000000110000000
0000000110000000
0000000110000000
0000000110000000
0000011110000000
0000000010000000
0000000000000000
0000000000000000
0000000000000000

one

0000000000000000
0000000000000000
0000000000000000
0000000000000000
0000000000000000
0000000000000000
0000000000000000
0000000001000000
0000000010000000
0000000100000000
0000001111000000
0000000000000000
0000000000000000
0000000000000000
0000000000000000
0000000000000000

two

0000000000000000
0000000000000000
0001111111100000
0001100000010000
0000000000010000
0000000000100000
0000000001100000
0000000011000000
0000000110000000
0000000100000000
0000001100000000
0001111111110000
0001111111110000
0000000000000000
0000000000000000
0000000000000000

two

0000000000000000
0000000000000000
0000000000000000
0000000000000000
0000000000000000
0000000000000000
0000000000000000
0000000001000000
0000000010000000
0000000100000000
0000011110000000
0000000000000000
0000000000000000
0000000000000000
0000000000000000
0000000000000000

two

0000000000000000
0000000000000000
0000000000000000
0000000000000000
0000000000000000
0000000000000000
0000000110000000
0000000010000000
0000000010000000
0000000010000000
0000001111000000
0000000000000000
0000000000000000
0000000000000000
0000000000000000
0000000000000000

one

0000000000000000
0000000000000000
0000000000000000
0001111111000000
0001010000100000
0000000001100000
0000000011000000
0000000011000000
0000000110000000
0000000100000000
0000001100000000
0000111111111000
0000000000100000
0000000000000000
0000000000000000
0000000000000000

two

0000000000000000
0000000000000000
0000000000000000
0000000000000000
0000000000000000
0000000000000000
0000000000010000
0000000001000000
0000000010000000
0000001000000000
0000111111110000
0000000000000000
0000000000000000
0000000000000000
0000000000000000
0000000000000000

two

0000000000000000
0000011111111111
0000111111111111
0001111111111110
0001110000001110
0001100000000110
0001110000000110
0011000000001100
0011000000001100
0011000000001100
0111000000011000
0111000000111000
0111111111111000
0111111111111000
0000010010100000
0000000000000000

zero

0000000000000000
0000000000000000
0000011111000000
0000011111000000
0000011111000000
0000010001000000
0000001000100000
0000001000100000
0000001000100000
0000001000100000
0000001000100000
0000000111110000
0000000111110000
0000000011000000
0000000000000000
0000000000000000

zero

0000000000000000
0000000000000000
0000000000000000
0000111000000000
0011100010001000
0000000000011000
0000000000110000
0000000011000000
0000000110000000
0000001100000000
0000110000000000
0011111111111100
0000101000000000
0000000000000000
0000000000000000
0000000000000000

two

0000000000000000
0000000000000000
0000000000000000
0000111111100000
0001111111100000
0001100101100000
0000110000010000
0000110000010000
0000110000010000
0000110000010000
0000110000110000
0000011111111000
0000001111111000
0000000000000000
0000000000000000
0000000000000000

zero

0000000000000000
0000000000000000
0000000000000000
0000000000000000
0000000000000000
0000000000000000
0000001110000000
0000000110000000
0000000110000000
0000000110000000
0000001111100000
0000000000000000
0000000000000000
0000000000000000
0000000000000000
0000000000000000

one

0000000000000000
0000000000000000
0000000000000000
0000010000000000
0000000001000000
0000000010000000
0000000001000000
0000000010000000
0000000010000000
0000000000000000
0000000100000000
0000000111100000
0000000111110000
0000000000000000
0000000000000000
0000000000000000

two

0000000000000000
0000000000000000
0000000000000000
0000000000000000
0000000000000000
0000000000000000
0011111111111100
0011100000001100
0011100000001100
0011100000011100
0001111111111000
0000000000000000
0000000000000000
0000000000000000
0000000000000000
0000000000000000

zero

0000000000000000
0000000000000000
0000000000000000
0001111111111110
0011111111111100
0011100000001100
0011000000001100
0011000000001100
0011000000001100
0011000000001100
0011100100011100
0011111111111100
0001111111111000
0000000000000000
0000000000000000
0000000000000000

zero

0000000000000000
0000000000000000
0000111100000000
0000100000000000
0000000100000000
0000000010000000
0000000000000000
0000000010000000
0000000010000000
0000000100000000
0000000010000000
0000000010100000
0000000011110000
0000000000010000
0000000000000000
0000000000000000

two

0000000000000000
0000000000000000
0000000000000000
0000000000000000
0000000000000000
0000001111100000
0000001000100000
0000001000100000
0000001000100000
0000001001100000
0000001111100000
0000000000000000
0000000000000000
0000000000000000
0000000000000000
0000000000000000

zero

0000000000000000
0000000000000000
0000000000000000
0000000000000000
0000000000000000
0000001111111000
0000011111111000
0000110000010000
0000110000010000
0000110000110000
0000111111100000
0000000000000000
0000000000000000
0000000000000000
0000000000000000
0000000000000000

zero

0000000000000000
0000000000000000
0000000000000000
0000000000000000
0000000000000000
0000011110000000
0000000000000000
0000000010000000
0000000010000000
0000000100000000
0000001111000000
0000000000000000
0000000000000000
0000000000000000
0000000000000000
0000000000000000

two

0000000000000000
0000000000000000
0000000000000000
0000011111110000
0000010000001000
0000000000011000
0000000000110000
0000000011000000
0000000110000000
0000000100000000
0000010000100000
0011111111110000
0000000001000000
0000000000000000
0000000000000000
0000000000000000

two

0000000000000000
0000000000000000
0000001000000000
0000011000000000
0000001000000000
0000000100000000
0000000100000000
0000000010000000
0000000010000000
0000000010000000
0000000001000000
0000000001000000
0000000001110000
0000000001110000
0000000000000000
0000000000000000

one

0000000000000000
0000000000000000
0000011111111110
0000111111111111
0001111111111110
0001110000000110
0001100000000110
0011000000001100
0011000000001100
0011000000001100
0111000000111000
0111111111111000
0011111111111000
0000000000000000
0000000000000000
0000000000000000

zero

0000000000000000
0000000000000000
0000000000000000
0001111111110000
0011111111110000
0011100000110000
0011000000110000
0001100000011000
0001100000011000
0001100000011000
0000111000101100
0000111111111100
0000000000000000
0000000000000000
0000000000000000
0000000000000000

zero

0000000000000000
0000000000000000
0000000000000000
0000000000000000
0000000011000000
0000000001000000
0000000001000000
0000000010000000
0000000010000000
0000000010000000
0000000100000000
0000001100000000
0000001110000000
0000000000000000
0000000000000000
0000000000000000

one

0000000000000000
0000000000000000
0000000000000000
0000000000000000
0111111111111110
1111111111111111
1110000000000111
1110000000000111
1110000000000111
1111000000001111
1111111111111111
0111111111111110
0000000000000000
0000000000000000
0000000000000000
0000000000000000

zero

0000000000000000
0000000000000000
0000000000000000
0000000000000000
0000000000000000
0000000000000000
0000001100000000
0000000110000000
0000000110000000
0000000110000000
0000000111100000
0000000000000000
0000000000000000
0000000000000000
0000000000000000
0000000000000000

one

0000000000000000
0000000000000000
0000000000000000
0000000000000000
0000000000000000
0000000110000000
0000000010000000
0000000010000000
0000000010000000
0000000010000000
0000000010000000
0000000111000000
0000000000000000
0000000000000000
0000000000000000
0000000000000000

one

0000000000000000
0000000000000000
0000000000000000
0000000000000000
0000000000000000
0000000000000000
0110000000010000
0000000000100000
0000000110000000
0000010000000000
0000000000000000
0000000000000000
0000000000000000
0000000000000000
0000000000000000
0000000000000000

two

0000000000000000
0000000000000000
0000000000000000
0000000000000000
0000000000000000
0000001100000000
0000000100000000
0000000010000000
0000000010000000
0000000010000000
0000000101010000
0000000111100000
0000000000000000
0000000000000000
0000000000000000
0000000000000000

one

0000001111111000
0000011111111000
0000111111110000
0000110000110000
0000110000010000
0000110000010000
0000110000010000
0000110000010000
0000110000010000
0000110000010000
0000110000110000
0000110000110000
0000111111110000
0000111111110000
0000011111110000
0000001000100000

zero

0000000000000000
0000000000000000
0000000000000000
0000000111000000
0000000011000000
0000000110000000
0000000110000000
0000000110000000
0000000110000000
0000001110000000
0000000110000000
0000000110000000
0000111111000000
0000011111000000
0000000000000000
0000000000000000

one

0000000000000000
0000000000000000
0000000000000000
0000001100000000
0000001100000000
0000001100000000
0000000110000000
0000000110000000
0000000110000000
0000000110000000
0000000110000000
0000000011000000
0000001111110000
0000000000000000
0000000000000000
0000000000000000

one

0000000000000000
0000000000000000
0000000000000000
0000000000000000
1111111111111100
1111111111111110
1100000000001110
1110000000000111
1110000000000111
1110000000000111
0111111111111111
0011111111111111
0000000000000000
0000000000000000
0000000000000000
0000000000000000

zero

0000000000000000
0000000000000000
0000000000000000
0000000000000000
0000000000000000
0000000000000000
0000111111111000
0000100000011000
0000100000011000
0000110000111000
0000111111110000
0000000000000000
0000000000000000
0000000000000000
0000000000000000
0000000000000000

zero

0000000000000000
0000000000000000
0000000000000000
0000000000000000
0000000110000000
0000000110000000
0000000110000000
0000000110000000
0000000110000000
0000000110000000
0000000110000000
0000001111000000
0000001111000000
0000000000000000
0000000000000000
0000000000000000

one

